0 -999 -999 -999 -999
1 -999 -999 -999 -999
-1 -999 -999 -999 -999
-1 -999 -999 -999 -999
-1 -999 -999 -999 -999
-1 -999 -999 -999 -999
0 -999 -999 -999 -999 
0 -999 -999 -999 -999 
1 -999 -999 -999 -999 
1 -999 -999 -999 -999 
1 -999 -999 -999 -999
-999 10 -999 -999 -999 
-999 -999 10 -999 -999
-999 3 -999 -999 -999 
-999 -999 3 -999 -999 
500 -999 -999 -999 -999 
300 -999 -999 -999 -999
1 -999 -999 -999 -999
1 -999 -999 -999 -999 
1 -999 -999 -999 -999 
-999 300 -999 -999 -999 
-999 -999 300 -999 -999 
1 -999 -999 -999 -999 
70 15 2 2 2 
50 20 1 1 1 
200 35 10 5 5 
110 25 5 5 4
150 40 20 8 6
125 50 25 10 7 
100 20 5 3 3
150 65 30 10 8 
550 160 90 25 20 
300 75 45 13 10 
500 115 65 15 15 
450 150 90 25 20 
850 350 200 45 40
1600 1306 1200 117 100 