0 0 1 0 2 0 3 33 3 0 10 101 4 0 10 100 5 0 10 101
0 1 0 0 1 1 0 0 2 1 0 0 3 1 0 0 4 1 0 0 5 1 0 0 6 1 0 0 7 1 0 0 8 1 0 0 9 1 0 0
0 2 4 46 2 2 10 103 3 2 2 23 5 2 0 0 6 2 4 46 7 2 3 33 8 2 4 46 9 2 0 0
0 3 3 33 1 3 10 103 2 3 4 43 3 3 0 0 5 3 0 0 6 3 4 46 7 3 3 33 8 3 4 46 9 3 0 0
0 4 0 0 1 4 2 23 2 4 0 0 3 4 0 0 5 4 0 0 6 4 0 0 7 4 0 0 8 4 10 102 9 4 0 0
0 5 3 33 1 5 10 104 3 5 0 0 5 5 2 23 6 5 10 105 7 5 10 101 8 5 10 106 9 5 0 0
0 6 4 44 3 6 0 0 5 6 0 0 6 6 0 0 7 6 0 0 8 6 0 0 9 6 0 0
0 7 0 0 1 7 2 23 2 7 0 0 3 7 0 0
1 8 10 104 3 8 0 0 4 8 0 0 5 8 2 21 6 8 0 0 7 8 0 0 8 8 0 0 9 8 2 23 10 8 0 0
0 9 4 46 1 9 4 45 2 9 3 33 3 9 0 0 4 9 3 31 7 9 0 0 8 9 3 33 9 9 10 109 10 9 3 32
0 10 4 46 1 10 4 41 2 10 3 33 3 10 0 0 7 10 0 0 8 10 3 33 9 10 3 33 10 10 3 33
-9999 -9999 -1 -9999