0 0 -1 0 1 0 0 0 3 0 10 110 5 0 0 0 6 0 4 43 7 0 4 44 8 0 3 33 9 0 3 31 10 0 0 0
1 1 0 0 2 1 4 44 3 1 0 0 5 1 0 0 6 1 4 43 7 1 4 44 8 1 3 33 9 1 3 32 10 1 0 0
1 2 0 0 2 2 3 33 3 2 0 0 4 2 3 33 5 2 0 0 6 2 4 43 7 2 4 44 8 2 3 33 9 2 10 112 10 2 0 0
1 3 0 0 2 3 3 33 3 3 0 0 4 3 3 33 5 3 0 0 6 3 0 0 7 3 0 0 8 3 0 0 9 3 2 23 10 3 0 0
1 4 0 0 3 4 0 0 7 4 2 23 10 4 0 0
1 5 0 0 2 5 2 23 3 5 0 0 4 5 0 0 5 5 2 23 6 5 0 0 7 5 0 0 8 5 2 23 9 5 0 0 10 5 0 0
1 6 2 25 6 6 0 0 8 6 10 112 10 6 0 0
1 7 0 0 2 7 2 23 3 7 0 0 4 7 0 0 5 7 2 22 6 7 0 0 7 7 2 24 8 7 0 0 9 7 2 24 10 7 0 0
1 8 0 0 2 8 3 33 3 8 0 0 4 8 4 45 5 8 4 46 6 8 0 0 8 8 0 0 10 8 0 0
1 9 0 0 2 9 3 33 3 9 0 0 4 9 4 45 5 9 4 46 6 9 0 0 8 9 0 0 10 9 0 0
0 10 1 0 1 10 0 0 2 10 4 43 3 10 0 0 5 10 4 46 6 10 0 0 7 10 5 52 8 10 0 0 9 10 5 53 10 10 0 0