0 0 4 41 1 0 10 100 2 0 3 33 3 0 0 0 7 0 0 0 8 0 0 0 9 0 0 0 10 0 0 0
0 1 10 100 1 1 3 33 3 1 0 0 7 1 0 0 9 1 10 106
0 2 3 33 1 2 10 103 3 2 0 0 4 2 0 0 5 2 2 23 6 2 0 0 7 2 0 0 9 2 0 0
0 3 0 0 1 3 2 23 2 3 0 0 3 3 0 0 5 3 10 103 7 3 0 0 8 3 3 33 9 3 0 0 10 3 10 100
3 4 0 0 4 4 0 0 5 4 0 0 7 4 0 0 8 4 3 33 9 4 0 0 10 4 10 106
0 5 10 101 1 5 0 0 3 5 10 106 4 5 10 100 5 5 10 106 7 5 0 0 8 5 3 33 9 5 0 0 10 5 10 100
0 6 10 101 1 6 0 0 2 6 0 0 3 6 0 0 4 6 0 0 5 6 0 0 9 6 0 0
5 7 0 0 6 7 0 0 7 7 2 23 8 7 0 0 9 7 0 0
0 8 0 0 1 8 0 0 2 8 0 0 3 8 0 0 4 8 10 106 5 8 0 0 6 8 10 100 8 8 10 100 9 8 0 0
0 9 0 0 5 9 0 0 6 9 4 44 7 9 10 106 8 9 3 33 9 9 0 0
0 10 -1 0 2 10 0 0 3 10 0 0 4 10 0 0 5 10 0 0 6 10 4 43 7 10 4 45 8 10 3 33 9 10 0 0 10 10 1 0