1 0 10 102 3 0 0 0 5 0 5 54 7 0 0 0 9 0 10 102
0 1 2 23 1 1 0 0 2 1 2 23 3 1 0 0 7 1 0 0 8 1 2 23 9 1 0 0 10 1 2 23
1 2 0 0 3 2 0 0 4 2 0 0 5 2 2 23 6 2 0 0 7 2 0 0 9 2 0 0
1 3 0 0 2 3 10 103 3 3 0 0 4 3 10 107 5 3 10 108 6 3 10 107 7 3 0 0 8 3 10 103 9 3 0 0
0 4 10 106 1 4 0 0 2 4 4 46 3 4 0 0 4 4 4 44 5 4 10 107 6 4 4 44 7 4 0 0  9 4 0 0 10 4 10 106
0 5 10 106 1 5 0 0 2 5 4 46 3 5 0 0 4 5 0 0 5 5 2 21 6 5 0 0 7 5 0 0 8 5 4 46 9 5 0 0 10 5 10 106
0 6 10 100 1 6 0 0 3 6 0 0 4 6 10 109 5 6 10 111 6 6 10 109 7 6 0 0 9 6 0 0 10 6 10 100
1 7 0 0 3 7 0 0 4 7 4 43 5 7 10 109 6 7 4 43 7 7 0 0 9 7 0 0
1 8 0 0 3 8 0 0 4 8 0 0 5 8 2 22 6 8 0 0 7 8 0 0 8 8 4 46 9 8 0 0
1 9 0 0 3 9 0 0 4 9 3 33 6 9 3 33 7 9 0 0 9 9 0 0
0 10 1 0 1 10 0 0 3 10 10 102 7 10 10 102 9 10 0 0 10 10 -1 0