0 0 3 33 1 0 0 0 2 0 4 46 3 0 0 0 4 0 4 45 5 0 10 105 8 0 10 105 9 0 3 33 10 0 3 32
1 1 0 0 2 1 4 43 3 1 0 0 4 1 10 105 9 1 10 105 10 1 3 33
0 2 10 107 1 2 0 0 3 2 0 0 4 2 10 104 6 2 0 0 7 2 0 0 8 2 2 23 9 2 0 0 10 2 0 0
1 3 2 23 2 3 10 105 3 3 0 0 4 3 4 42 5 3 10 104 6 3 0 0 8 3 10 109 9 3 10 104 10 3 5 50
0 4 10 107 1 4 0 0 3 4 0 0 4 4 0 0 5 4 0 0 6 4 0 0 10 4 10 104
0 5 4 43 1 5 0 0 5 5 10 106 6 5 10 103
0 6 4 44 1 6 0 0 2 6 0 0 3 6 10 102 4 6 0 0 5 6 0 0 6 6 0 0 7 6 0 0
1 7 5 51 2 7 0 0 3 7 10 102 4 7 0 0 8 7 10 109 9 7 10 111
0 8 0 0 1 8 0 0 2 8 0 0 3 8 10 106 4 8 0 0 5 8 2 23 6 8 0 0 7 8 2 22 8 8 0 0 9 8 2 23 10 8 0 0
2 9 0 0 4 9 0 0 5 9 10 106 6 9 0 0 7 9 4 44 8 9 2 23 10 9 0 0
0 10 -1 0 6 10 0 0 7 10 2 23 8 10 0 0 9 10 1 0 10 10 0 0